0 6
0 8
0 15
0 2
0 4
0 14
0 1
0 16
1 14
1 13
1 18
1 6
1 17
1 5
1 11
1 2
2 7
2 5
2 15
2 13
2 11
2 12
2 14
2 8
2 9
2 10
2 16
2 17
3 11
3 16
3 17
3 13
3 4
3 8
3 19
3 10
3 15
3 6
4 11
4 8
4 5
4 16
4 6
4 13
4 14
4 10
4 19
5 18
5 15
5 16
5 10
5 13
5 9
5 12
5 8
6 16
6 11
6 8
6 18
6 7
6 9
6 15
6 17
6 10
7 16
7 12
7 11
7 14
7 13
7 15
7 9
8 19
8 16
8 12
8 10
8 9
8 18
9 15
9 10
9 13
9 12
9 18
9 19
10 13
10 11
10 15
10 16
10 17
11 18
11 16
11 14
11 19
11 15
12 15
12 13
12 14
13 18
13 14
13 17
13 16
14 15
14 16
14 19
14 18
14 17
15 16
15 17
15 19
15 18
16 19
