0 4
0 15
0 11
0 12
0 6
0 10
0 17
0 9
0 7
0 5
0 1
1 11
1 6
1 13
1 10
1 12
1 7
1 8
1 4
1 2
1 9
1 16
1 19
1 3
2 10
2 5
2 18
2 3
2 13
2 7
2 17
2 19
2 15
2 9
2 11
3 13
3 14
3 17
3 10
3 6
3 16
3 11
3 18
3 15
4 17
4 9
4 6
4 18
4 11
4 13
4 12
4 8
4 10
4 5
4 19
5 14
5 18
5 6
5 8
5 7
5 12
5 13
6 17
6 19
6 15
6 8
6 7
6 11
6 14
6 18
7 15
7 9
7 13
7 16
7 19
7 14
7 17
7 10
7 18
8 14
8 9
8 15
8 18
8 12
9 18
9 16
9 19
9 14
9 11
10 11
10 16
10 17
10 14
10 12
11 14
11 18
11 15
11 13
11 16
11 12
12 16
12 13
12 17
12 18
12 14
13 19
13 14
13 16
13 15
14 15
14 19
14 16
14 18
15 17
15 18
16 19
16 18
17 18
17 19
18 19
