0 4
0 14
0 16
0 2
0 1
0 10
0 17
0 5
0 9
0 15
0 13
0 8
0 3
0 6
0 19
1 8
1 18
1 16
1 12
1 6
1 4
1 13
1 9
1 17
1 10
1 15
1 19
1 11
1 2
2 11
2 5
2 8
2 12
2 17
2 3
2 16
2 13
2 10
2 7
2 15
2 4
2 14
3 6
3 19
3 14
3 5
3 18
3 7
3 17
3 4
3 11
3 8
3 15
3 16
3 13
3 10
4 12
4 13
4 8
4 14
4 16
4 9
4 17
4 10
4 5
4 19
4 11
4 7
4 6
4 18
5 12
5 8
5 6
5 16
5 14
5 13
5 11
5 7
5 9
5 18
5 19
5 10
6 15
6 10
6 19
6 16
6 9
6 7
6 8
6 11
6 14
6 17
6 13
6 12
6 18
7 16
7 14
7 9
7 10
7 15
7 17
7 19
7 18
7 11
7 8
7 13
8 11
8 18
8 14
8 16
8 13
8 9
8 17
8 15
8 19
8 10
9 16
9 15
9 14
9 13
9 18
9 11
9 19
9 12
9 17
9 10
10 19
10 13
10 18
10 14
10 16
10 11
10 15
10 12
11 15
11 17
11 12
11 14
11 18
12 15
12 13
12 17
12 18
13 14
13 15
13 19
13 17
13 16
14 19
14 17
14 15
14 16
15 16
15 19
15 18
16 17
16 18
17 19
17 18
18 19
