0 5
0 12
0 19
0 14
0 18
0 17
0 2
0 15
0 16
0 10
0 4
0 1
0 8
0 9
0 7
0 11
1 8
1 5
1 13
1 14
1 17
1 2
1 12
1 7
1 3
1 11
2 19
2 14
2 17
2 8
2 18
2 10
2 13
2 3
2 16
2 15
2 7
2 11
2 12
3 19
3 6
3 15
3 9
3 4
3 14
3 18
3 11
3 7
3 5
3 10
3 17
3 13
3 8
3 16
4 5
4 13
4 9
4 10
4 8
4 14
4 15
4 6
4 11
4 12
4 19
4 17
5 6
5 19
5 9
5 16
5 11
5 12
5 13
5 18
5 8
6 14
6 13
6 12
6 15
6 19
6 9
6 8
7 14
7 16
7 15
7 17
7 8
7 11
7 12
7 9
7 13
7 19
8 12
8 19
8 11
8 9
8 13
8 15
8 17
9 16
9 17
9 12
9 13
9 14
9 19
10 12
10 15
10 19
11 13
11 12
11 17
11 14
11 19
12 14
12 18
12 17
12 16
12 13
13 17
13 16
13 15
14 16
14 18
14 17
15 19
15 18
15 16
16 19
16 17
18 19
