0 10
0 11
0 6
0 12
0 7
0 17
0 9
0 19
0 5
0 1
0 16
0 18
0 14
0 4
1 2
1 10
1 4
1 15
1 14
1 7
1 3
1 16
1 13
1 18
1 8
1 11
1 19
2 16
2 15
2 7
2 18
2 12
2 3
2 11
2 10
2 8
2 19
2 14
2 5
3 19
3 14
3 6
3 12
3 4
3 18
3 17
3 13
3 5
3 16
3 10
3 8
4 11
4 10
4 9
4 18
4 14
4 17
4 19
4 13
4 16
4 6
4 8
4 15
5 19
5 16
5 10
5 6
5 15
5 14
5 8
5 17
5 13
5 11
5 12
6 17
6 15
6 9
6 7
6 10
6 13
6 16
6 8
7 19
7 9
7 12
7 10
7 11
7 16
7 8
7 13
7 14
7 15
7 17
7 18
8 15
8 10
8 13
8 19
8 17
8 14
8 9
8 16
8 12
9 18
9 17
9 11
9 16
9 14
9 13
10 16
10 12
10 17
10 19
10 14
10 15
10 13
10 18
11 15
11 16
11 18
11 19
11 14
11 12
12 13
12 17
12 15
13 14
13 18
13 17
13 15
13 19
14 15
14 16
14 17
15 18
15 17
15 19
16 18
17 18
17 19
