0 12
0 8
0 19
0 14
0 18
0 11
0 16
0 17
0 13
0 5
0 6
0 4
0 10
0 2
0 3
0 1
1 14
1 18
1 11
1 3
1 6
1 17
1 16
1 4
1 2
1 19
1 12
1 5
1 10
1 8
1 7
2 8
2 3
2 13
2 11
2 19
2 5
2 10
2 12
2 15
2 16
2 4
2 7
2 17
2 18
3 19
3 15
3 5
3 8
3 6
3 10
3 16
3 12
3 13
3 18
3 9
3 11
3 4
4 15
4 8
4 7
4 9
4 19
4 10
4 18
4 6
4 5
4 14
4 13
5 14
5 16
5 9
5 11
5 13
5 8
5 19
5 12
5 7
5 15
6 12
6 17
6 10
6 8
6 15
6 13
6 16
6 11
6 14
6 19
7 18
7 15
7 10
7 12
7 13
7 9
7 11
7 17
7 8
7 19
8 9
8 12
8 14
8 10
8 19
8 13
8 15
8 11
8 17
9 13
9 15
9 10
9 12
9 17
9 19
9 14
10 19
10 15
10 18
10 12
10 11
10 14
11 19
11 14
11 17
11 12
11 15
11 18
11 13
11 16
12 15
12 19
12 17
12 18
12 14
12 16
13 16
13 18
13 15
13 17
13 19
14 17
14 15
14 19
14 16
15 16
16 17
16 19
17 19
17 18
18 19
