0 17
0 19
0 5
0 12
0 11
0 6
0 4
0 1
0 14
0 2
0 18
0 3
0 10
1 5
1 8
1 7
1 18
1 13
1 6
1 19
1 2
1 15
1 10
1 3
1 12
2 12
2 14
2 13
2 5
2 19
2 16
2 3
2 15
3 18
3 14
3 13
3 4
3 11
3 16
4 11
4 7
4 8
4 17
4 14
4 13
4 10
5 19
5 18
5 10
5 6
5 11
6 16
6 10
6 8
6 17
7 9
7 18
7 15
7 11
7 14
7 13
8 18
8 13
8 12
8 11
8 15
8 9
9 14
9 11
9 19
9 12
9 10
9 13
10 16
10 18
10 12
10 13
10 14
10 17
10 11
11 19
11 15
11 17
11 14
11 16
12 14
12 15
12 13
13 16
13 15
14 15
14 17
15 17
15 16
15 18
16 19
16 17
17 19
17 18
18 19
